4
19126001
19990401
Trinh Van Minh
1999 04 01
19APCS1
1
7
7
7
7
2020 06 13 7 30 11 30 -1
2020 06 20 7 30 11 30 -1
2020 06 27 7 30 11 30 -1
2020 07 04 7 30 11 30 -1
2020 07 11 7 30 11 30 -1
2020 07 18 7 30 11 30 -1
2020 07 25 7 30 11 30 -1
2020 08 01 7 30 11 30 -1
2020 08 08 7 30 11 30 -1
2020 08 15 7 30 11 30 -1
1

19127001
20000410
Nguyen Van 1
2000 04 10
19APCS1
1
7
7
7
7
2020 06 13 7 30 11 30 -1
2020 06 20 7 30 11 30 -1
2020 06 27 7 30 11 30 -1
2020 07 04 7 30 11 30 -1
2020 07 11 7 30 11 30 -1
2020 07 18 7 30 11 30 -1
2020 07 25 7 30 11 30 -1
2020 08 01 7 30 11 30 -1
2020 08 08 7 30 11 30 -1
2020 08 15 7 30 11 30 -1
1

19127002
20010917
Nguyen Van 2
2001 09 17
19APCS1
1
7
7
7
7
2020 06 13 7 30 11 30 -1
2020 06 20 7 30 11 30 -1
2020 06 27 7 30 11 30 -1
2020 07 04 7 30 11 30 -1
2020 07 11 7 30 11 30 -1
2020 07 18 7 30 11 30 -1
2020 07 25 7 30 11 30 -1
2020 08 01 7 30 11 30 -1
2020 08 08 7 30 11 30 -1
2020 08 15 7 30 11 30 -1
1

18127100
20010809
Thang Nguyen
2001 08 09
19APCS1
1
7
7
7
7
2020 06 13 7 30 11 30 -1
2020 06 20 7 30 11 30 -1
2020 06 27 7 30 11 30 -1
2020 07 04 7 30 11 30 -1
2020 07 11 7 30 11 30 -1
2020 07 18 7 30 11 30 -1
2020 07 25 7 30 11 30 -1
2020 08 01 7 30 11 30 -1
2020 08 08 7 30 11 30 -1
2020 08 15 7 30 11 30 -1
1

