6
1751021
19990401
Nguyen Duc Thang
1999 04 01
19APCS1
1
7
7
7
7
2020 06 12 13 30 17 30 -1
2020 06 19 13 30 17 30 -1
2020 06 26 13 30 17 30 -1
2020 07 03 13 30 17 30 -1
2020 07 10 13 30 17 30 -1
2020 07 17 13 30 17 30 -1
2020 07 24 13 30 17 30 -1
2020 07 31 13 30 17 30 -1
2020 08 07 13 30 17 30 -1
2020 08 14 13 30 17 30 -1
1

18125048
20000410
Nguyen Tran Quang Duy
2000 04 10
19APCS1
1
7
7
7
7
2020 06 12 13 30 17 30 -1
2020 06 19 13 30 17 30 -1
2020 06 26 13 30 17 30 -1
2020 07 03 13 30 17 30 -1
2020 07 10 13 30 17 30 -1
2020 07 17 13 30 17 30 -1
2020 07 24 13 30 17 30 -1
2020 07 31 13 30 17 30 -1
2020 08 07 13 30 17 30 -1
2020 08 14 13 30 17 30 -1
1

19125021
20010917
Nguyen Thanh Dat
2001 09 17
19APCS1
1
7
7
7
7
2020 06 12 13 30 17 30 -1
2020 06 19 13 30 17 30 -1
2020 06 26 13 30 17 30 -1
2020 07 03 13 30 17 30 -1
2020 07 10 13 30 17 30 -1
2020 07 17 13 30 17 30 -1
2020 07 24 13 30 17 30 -1
2020 07 31 13 30 17 30 -1
2020 08 07 13 30 17 30 -1
2020 08 14 13 30 17 30 -1
1

19125054
20010809
Quach Minh Khoi
2001 08 09
19APCS1
1
7
7
7
7
2020 06 12 13 30 17 30 -1
2020 06 19 13 30 17 30 -1
2020 06 26 13 30 17 30 -1
2020 07 03 13 30 17 30 -1
2020 07 10 13 30 17 30 -1
2020 07 17 13 30 17 30 -1
2020 07 24 13 30 17 30 -1
2020 07 31 13 30 17 30 -1
2020 08 07 13 30 17 30 -1
2020 08 14 13 30 17 30 -1
1

19125124
20010523
Nguyen Van Tien
2001 05 23
19APCS1
1
7
7
7
7
2020 06 12 13 30 17 30 -1
2020 06 19 13 30 17 30 -1
2020 06 26 13 30 17 30 -1
2020 07 03 13 30 17 30 -1
2020 07 10 13 30 17 30 -1
2020 07 17 13 30 17 30 -1
2020 07 24 13 30 17 30 -1
2020 07 31 13 30 17 30 -1
2020 08 07 13 30 17 30 -1
2020 08 14 13 30 17 30 -1
1

19125130
20010202
Mai Thi Cam Van
2001 02 02
19APCS1
1
7
7
7
7
2020 06 12 13 30 17 30 -1
2020 06 19 13 30 17 30 -1
2020 06 26 13 30 17 30 -1
2020 07 03 13 30 17 30 -1
2020 07 10 13 30 17 30 -1
2020 07 17 13 30 17 30 -1
2020 07 24 13 30 17 30 -1
2020 07 31 13 30 17 30 -1
2020 08 07 13 30 17 30 -1
2020 08 14 13 30 17 30 -1
1

