2
19127001
20200401
Nguyen Van 1
2020 04 01
19APCS1
1
7
7
7
7
2020 05 04 12 45 21 25 -1
2020 05 11 12 45 21 25 -1
2020 05 18 12 45 21 25 -1
2020 05 25 12 45 21 25 -1
2020 06 01 12 45 21 25 -1
2020 06 08 12 45 21 25 -1
2020 06 15 12 45 21 25 -1
2020 06 22 12 45 21 25 -1
2020 06 29 12 45 21 25 -1
2020 07 06 12 45 21 25 -1
1

19127002
20200402
Nguyen Van 2
2020 04 02
19APCS1
1
7
7
7
7
2020 05 04 12 45 21 25 -1
2020 05 11 12 45 21 25 -1
2020 05 18 12 45 21 25 -1
2020 05 25 12 45 21 25 -1
2020 06 01 12 45 21 25 -1
2020 06 08 12 45 21 25 -1
2020 06 15 12 45 21 25 -1
2020 06 22 12 45 21 25 -1
2020 06 29 12 45 21 25 -1
2020 07 06 12 45 21 25 -1
1

